timestamp,model_name,model_path,backend,quant_method,weight_dtype,batch_size,prompt_id,input_tokens,max_new_tokens,generated_tokens,ttft_ms,total_latency_ms,decode_tokens_per_s,request_tokens_per_s,peak_gpu_mem_mb,status,error_msg
2026-04-02T13:42:35,qwen2.5-3b-instruct-awq,/share/home/wangzixu/liudinghao/gushuo/proj/transfoemer-llm/model/Qwen2.5-3B-Instruct-AWQ,transformers,awq,int4,1,kv_cache_short,49,64,47,57.700,2398.790,20.076,19.593,1983.551,ok,
2026-04-02T13:42:37,qwen2.5-3b-instruct-awq,/share/home/wangzixu/liudinghao/gushuo/proj/transfoemer-llm/model/Qwen2.5-3B-Instruct-AWQ,transformers,awq,int4,1,kv_cache_short,49,64,46,56.156,2666.774,17.620,17.249,1983.551,ok,
2026-04-02T13:42:40,qwen2.5-3b-instruct-awq,/share/home/wangzixu/liudinghao/gushuo/proj/transfoemer-llm/model/Qwen2.5-3B-Instruct-AWQ,transformers,awq,int4,1,kv_cache_short,49,64,46,57.077,2349.434,20.067,19.579,1983.551,ok,
2026-04-02T13:42:42,qwen2.5-3b-instruct-awq,/share/home/wangzixu/liudinghao/gushuo/proj/transfoemer-llm/model/Qwen2.5-3B-Instruct-AWQ,transformers,awq,int4,1,latency_medium,65,64,64,58.409,3272.298,19.914,19.558,1984.718,ok,
2026-04-02T13:42:46,qwen2.5-3b-instruct-awq,/share/home/wangzixu/liudinghao/gushuo/proj/transfoemer-llm/model/Qwen2.5-3B-Instruct-AWQ,transformers,awq,int4,1,latency_medium,65,64,64,59.950,3299.883,19.753,19.395,1984.718,ok,
2026-04-02T13:42:49,qwen2.5-3b-instruct-awq,/share/home/wangzixu/liudinghao/gushuo/proj/transfoemer-llm/model/Qwen2.5-3B-Instruct-AWQ,transformers,awq,int4,1,latency_medium,65,64,64,52.521,3293.735,19.746,19.431,1984.718,ok,
2026-04-02T13:42:52,qwen2.5-3b-instruct-awq,/share/home/wangzixu/liudinghao/gushuo/proj/transfoemer-llm/model/Qwen2.5-3B-Instruct-AWQ,transformers,awq,int4,1,structured_output,71,64,64,56.733,3412.727,19.070,18.753,1985.403,ok,
2026-04-02T13:42:56,qwen2.5-3b-instruct-awq,/share/home/wangzixu/liudinghao/gushuo/proj/transfoemer-llm/model/Qwen2.5-3B-Instruct-AWQ,transformers,awq,int4,1,structured_output,71,64,64,52.371,3258.036,19.965,19.644,1985.403,ok,
2026-04-02T13:42:59,qwen2.5-3b-instruct-awq,/share/home/wangzixu/liudinghao/gushuo/proj/transfoemer-llm/model/Qwen2.5-3B-Instruct-AWQ,transformers,awq,int4,1,structured_output,71,64,64,52.014,3254.408,19.985,19.666,1985.403,ok,
